9,1
9,3
9,0
0,9
0,310
0,305
0,333
0,308
0,304
0,303
0,302
0,307
0,423
0,12
0,309
0,10
0,8
0,0
0,322
0,300
0,400
0,299
0,434
0,298
0,370
0,297
0,429
0,296
0,399
0,295
0,375
0,294
0,412
0,293
0,342
0,292
0,316
0,291
0,447
0,290
0,401
0,289
0,344
0,288
0,444
0,287
0,371
0,286
0,404
0,285
0,442
0,284
0,340
0,283
0,443
0,282
0,359
0,281
0,432
0,280
0,279
0,388
0,278
0,398
0,277
0,441
0,276
0,378
0,275
0,332
0,274
0,355
0,273
0,397
0,272
0,439
0,271
0,368
0,270
0,373
0,269
0,363
0,268
0,346
0,267
0,410
0,266
0,428
0,265
0,335
0,264
0,301
0,263
0,319
0,262
0,360
0,261
0,425
0,260
0,385
0,259
0,415
0,258
0,383
0,257
0,365
0,256
0,437
0,255
0,394
0,254
0,446
0,253
0,387
0,252
0,341
0,251
0,419
0,250
0,393
0,249
0,406
0,248
0,337
0,247
0,334
0,246
0,245
0,395
0,244
0,436
0,242
0,325
0,241
0,367
0,240
0,392
0,239
0,417
0,238
0,424
0,237
0,358
0,236
0,348
0,235
0,311
0,234
0,306
0,233
0,384
0,232
0,324
0,231
0,338
0,230
0,445
0,229
0,440
0,228
0,380
0,227
0,438
0,226
0,349
0,225
0,343
0,224
0,318
0,223
0,222
0,386
0,221
0,331
0,220
0,320
0,219
0,315
0,218
0,377
0,217
0,336
0,216
0,351
0,215
0,396
0,214
0,433
0,213
0,212
0,327
0,211
0,374
0,210
0,409
0,209
0,382
0,208
0,207
0,389
0,206
0,421
0,205
0,339
0,204
0,411
0,203
0,366
0,202
0,313
0,201
0,422
0,200
0,430
0,199
0,326
0,198
0,420
0,197
0,390
0,196
0,321
0,195
0,431
0,194
0,416
0,193
0,353
0,192
0,362
0,63
0,381
0,62
0,357
0,61
0,418
0,60
0,426
0,59
0,407
0,58
0,347
0,57
0,345
0,56
0,329
0,55
0,413
0,54
0,53
